time,x,y,z,phi,theta,psi,x_velocity,y_velocity,z_velocity,phi_velocity,theta_velocity,psi_velocity,rotor_speed1,rotor_speed2,rotor_speed3,rotor_speed4
0.06,-6.349635050758229e-07,-3.273585026414523e-08,10.005056614281434,6.283143350990413,0.00047736314712221173,0.0,-5.182665198222034e-05,-3.401500838647995e-06,0.16854317111578174,-0.002135953711561155,0.020400459475639607,0.0,457.6057708362331,459.22646095967957,457.9324435823405,457.7625522135665
0.12000000000000001,-1.6272943522015498e-05,-1.4786937018455314e-06,10.015412793142715,6.282882769637261,0.0014405324578534717,0.0,-0.0005677484506342963,-6.161516780140228e-05,0.17666139472551937,-0.00916965435187342,0.0055104502663679365,0.0,406.957457963915,405.6226434888285,407.50400760661273,406.8749665239974
0.18,-8.099268602450589e-05,-1.3310205466021363e-05,10.028650248428017,6.282418669726415,0.0019553794834479277,0.0,-0.001632534779439105,-0.0003834433064940827,0.26457010033279327,-0.005009829827567484,0.014105866018755638,0.0,433.3975922999581,434.1191937984209,432.2475780107142,432.5980474381304
0.23999999999999996,-0.0002233399553977172,-5.361623977035107e-05,10.047921850333783,6.282135985690484,0.002673337912141527,0.0,-0.00319402917833675,-0.0009903793777297242,0.3777851164528817,-0.004121094872593389,0.007300285427589039,0.0,442.0460263923904,441.48483322589186,440.5253425780742,440.59889841315714
0.3,-0.0004697961574810387,-0.00013416914579498447,10.072815116427769,6.282425161567424,0.003166519685077418,0.0,-0.005066879270291311,-0.0016884629252011476,0.4519633498069987,0.018454561842866736,0.009997904862041329,0.0,428.01052187652186,428.23989599818754,428.5037822208499,430.41829905590316
0.36000000000000004,-0.0008413268339225925,-0.0002469013912484977,10.102894793986982,0.0003748394079874373,0.003657378515590004,0.0,-0.007373142787718721,-0.001955093147613346,0.5506494831953876,0.01982441890482861,0.004274036698464894,0.0,437.60620822938586,437.12944919090876,436.00449259811836,436.1188651367789
0.4200000000000001,-0.00137548818834213,-0.0003490109372359878,10.14298743495238,0.0010304289575806536,0.004101164038742056,0.0,-0.010475235123456675,-0.001319760258386165,0.7856396013969137,-0.020259003599042882,0.01300600328889182,0.0,477.9804261350251,478.6452156810903,479.5434666575273,476.4893871834717
0.48000000000000015,-0.002100973216571032,-0.0004092153282478378,10.195180843565895,0.0003235563406249753,0.0052998984916996505,0.0,-0.013821103216441158,-0.0007905922422426573,0.9540145710860697,0.0013005903247669927,0.031173361387999463,0.0,458.24603248097264,459.68769146330186,457.6396104825022,459.3523421297289
0.5400000000000001,-0.003064473332081481,-0.00044824778601762564,10.258507538526949,0.0007065096870748633,0.007326320985582946,0.0,-0.018523414255851186,-0.0004817155702053525,1.1566907861072793,0.014986108666779002,0.03852323189552352,0.0,468.65122145313154,469.2224778380607,469.09234596878645,470.1536574233212
0.6000000000000002,-0.004326198026106872,-0.0004603198191858927,10.329626513606605,0.0013585042098016586,0.009207197405878276,0.0,-0.023740447214358917,0.00015501697938789832,1.2138806618937759,0.000996659885030833,0.010418039766752485,0.0,425.0862940619625,422.67164813894,425.64995140713836,424.4510841186646
0.6600000000000003,-0.0059384097983406865,-0.0004234700430039498,10.404915732876884,0.0010338330400463391,0.010079226627436988,0.0,-0.030074522567372183,0.0010648196727152583,1.2956697830806856,-0.02304333067111405,0.021703722522902272,0.0,431.50557064577066,432.4570413409961,434.1837537755521,432.1624344441383
0.7200000000000003,-0.0079432801295987,-0.00034383544789418427,10.48437843314524,0.00021510974851501885,0.011731059079372663,0.0,-0.03689707369495886,0.001488720605980996,1.3530189664898309,0.0005220482112539056,0.03718530231724293,0.0,424.6044404510872,425.9306222726468,423.43704633811143,425.4593069770565
0.7800000000000004,-0.010451386504818245,-0.0002492398426784473,10.572126546857268,0.00013564138787902635,0.014024226896014014,0.0,-0.0469736915857303,0.0016618674918054282,1.571640041313186,-0.005300340134198849,0.040211005122063166,0.0,475.9392753778771,476.1713739233834,473.84877919976185,473.40104949338644
0.8400000000000004,-0.01360339296565792,-0.00014731746129148125,10.671801172460377,6.282471833539862,0.01663171132965946,0.0,-0.05837561471051762,0.0016840994364028816,1.7505862158815317,-0.04496186264762997,0.04926703019488715,0.0,463.3165496327172,464.0289025872179,465.2389085547175,462.1233171921047
0.9000000000000005,-0.01742172390251484,-6.823618182178774e-05,10.77753669494751,6.280089212939199,0.019937586474849667,0.0,-0.06918713900487068,0.0007232325717942343,1.7738893915725398,-0.030865699162322367,0.0647562867472879,0.0,414.5738906968665,415.9347698807206,414.0749769759451,415.3121263630321
0.9600000000000005,-0.022034572945845737,-0.00010172638592899339,10.888651728481706,6.278151359383379,0.023868996160961053,0.0,-0.08500031035270787,-0.002047395893032493,1.92968449772155,-0.03532652768007775,0.06701467123139704,0.0,457.1089037488323,457.2918667094321,457.65195554958865,457.2964234705911
1.0200000000000005,-0.027653311107330776,-0.00033875248387027187,11.007845547515254,6.275566112126896,0.027759416205713983,0.0,-0.10269799833816323,-0.006088324087410931,2.0432338942503434,-0.06692113844662154,0.06009486290298409,0.0,445.6902264902772,445.1274101390725,445.6132756213816,443.0218717372837
1.0800000000000005,-0.03449152784767559,-0.0009029560777387486,11.136555054683143,6.271291939704959,0.03157603954352428,0.0,-0.12566816600819633,-0.013199176025466264,2.2466873511481977,-0.08167495369640192,0.0698460233614448,0.0,472.7508206565061,473.50419183087024,472.64001301171595,471.4979500569728
1.1400000000000006,-0.042702857313839014,-0.0019598302747333533,11.274410153176909,6.266608280645514,0.036355921543085756,0.0,-0.14849998012128868,-0.02251612775795587,2.3482553653737437,-0.07167106981889498,0.09430632650478077,0.0,441.0825098069178,443.1028015026474,442.3366878619348,443.15479350256874
1.2000000000000006,-0.05245844823999863,-0.003702611662539688,11.42023484772228,6.262789911514776,0.04208855150556978,0.0,-0.17730843164142385,-0.03601851320135459,2.5121864914689227,-0.05110695667620484,0.09790887551864784,0.0,461.697576934873,461.98909940070473,461.6096818174081,463.22660746167367
1.2600000000000007,-0.0639941718222107,-0.006298719285005284,11.574067699086173,6.259971948453886,0.04785104481609892,0.0,-0.20780235009351145,-0.050813206594474435,2.615307739969771,-0.039759727492056106,0.09202101928425147,0.0,444.40981421749456,443.9348148634683,443.81880762241497,444.7477874392672
1.3200000000000007,-0.07752353650529134,-0.009860640570037278,11.735012806161722,6.257436444327702,0.053375783931755905,0.0,-0.24375242719503815,-0.06817190388750059,2.7491750862082633,-0.04779185572266353,0.09219458240688413,0.0,454.35558531181044,454.37643773652974,454.6524544969395,454.0075300479538
1.3800000000000008,-0.09309348310201183,-0.014406333328459578,11.899641023350721,6.254900881600857,0.05900557448105115,0.0,-0.27572561136810625,-0.08358070511197041,2.738418810167954,-0.03301657019860405,0.09691251677311287,0.0,408.2923644924863,408.7213638094006,407.4638769750318,408.78143847661056
1.4400000000000008,-0.11105262464767277,-0.020095115391093557,12.069802273652785,6.252849084053352,0.06443015481620051,0.0,-0.3235417104326291,-0.10626393034963397,2.9330868354609096,-0.036667295621670766,0.07241373333111441,0.0,474.79174181870565,472.9145288868306,473.1749813784486,472.89344770260675
1.5000000000000009,-0.13181137237047988,-0.027103175290165246,12.248716454864965,6.251326738344517,0.06869529254997708,0.0,-0.36883837851512435,-0.12751180232493314,3.030420328849883,-0.009112645544955488,0.06828913721334533,0.0,445.5080142092446,445.1745004617787,443.38008214651774,445.6379101144599
1.560000000000001,-0.1553175997716907,-0.03538530935962894,12.43263150478627,6.25073964842189,0.07312234952765184,0.0,-0.4151079263914852,-0.14860750932427008,3.0998516315256976,-0.011164288133806873,0.08297242595526474,0.0,436.134256936453,437.36321000156113,436.76223248073796,436.591206940003
1.620000000000001,-0.18177993161827422,-0.04498406256880426,12.621904259111655,6.249657984243058,0.07833449851504426,0.0,-0.46747613114529885,-0.17142415705087322,3.208881781608523,-0.03755868408159978,0.09369893224329562,0.0,449.51660690076886,450.39109970422373,450.55235325570897,448.4132536295123
1.680000000000001,-0.21147873413853116,-0.05597253611937006,12.817479388020137,6.246972690966995,0.08456086617563763,0.0,-0.5230725883137162,-0.19509189690273046,3.309924295847142,-0.06577659912204506,0.11869868009832155,0.0,447.21919248476297,449.25986040257374,448.9149436793495,446.6179314643179
1.740000000000001,-0.2444778575596712,-0.06836985200414357,13.017132039934445,6.243196766114053,0.09167232674348202,0.0,-0.5775479404888456,-0.2185016548145285,3.3449683497063276,-0.057778625018301596,0.1181737100391386,0.0,427.10490815561576,427.07338347923337,427.9578107613981,428.6350094793669
1.8000000000000012,-0.28111777379989605,-0.08234438178221534,13.221430541849973,6.239813797606722,0.0986670914372203,0.0,-0.6444893234952046,-0.24765687134549708,3.4645119707636454,-0.05372894455296143,0.11318670353342639,0.0,455.0850108081707,454.6974639509099,454.9122732597818,455.2343537002634
1.8600000000000012,-0.3218461460244324,-0.09810433184346926,13.432123227899067,6.237274059521994,0.10512462151721458,0.0,-0.7137684875383049,-0.27794294667266495,3.5581752511564013,-0.025960394356100584,0.09317842548752693,0.0,448.9276323975949,447.3110023009569,446.60044082202916,448.85858285472125
1.9200000000000013,-0.3667856411024987,-0.11569527034028122,13.647719671160075,6.235615673011669,0.11099729587948026,0.0,-0.78475397594759,-0.3085646219333495,3.6280487193058715,-0.031229343170378655,0.10591783510821348,0.0,440.2893596927262,441.3503506814304,441.8966368496377,441.4618647470549
1.9800000000000013,-0.41615259431675883,-0.13517729267486767,13.867915717873052,6.233550216761127,0.11801473421543385,0.0,-0.8614544785778275,-0.3410137282860702,3.711421445410336,-0.04173179018538359,0.1329361965919523,0.0,445.3517859190368,447.56812770394623,446.456086621201,445.5977955791055
2.0400000000000014,-0.4707979021006171,-0.156868639290429,14.09748010023975,6.231586459069845,0.12664765222709296,0.0,-0.9609756708837619,-0.38224990587899926,3.9397633132278966,-0.019024312156852102,0.15975771333488503,0.0,489.57992585879396,491.5882833356598,489.9482251723215,491.6332615231712
2.1000000000000014,-0.5310119478537407,-0.1808262450291166,14.33590114558544,6.23008443025542,0.13659054788558755,0.0,-1.0470789892869992,-0.41644128375928224,4.007174480029987,-0.041118767612400485,0.17553934415464936,0.0,442.7386946807941,444.06139270940946,445.72659805816784,443.91693987844315
2.1600000000000015,-0.5967922120354041,-0.2069454158037901,14.579768505692615,6.2273762751455415,0.14685760088912314,0.0,-1.1466213526670725,-0.45443265318451026,4.121082988959151,-0.05470579375052084,0.1603710702739456,0.0,459.8356867071342,458.6593323646828,460.49594264833024,459.4186688825314
2.2200000000000015,-0.6682619963488906,-0.2352150244426702,14.8271128681085,6.224319340851974,0.15686138708762964,0.0,-1.2365638499645104,-0.48815369200449366,4.123493010084523,-0.044334096139407655,0.17709962710368063,0.0,425.1634641169298,426.6220585178577,424.33688123409325,425.2245703650124
2.2800000000000016,-0.7449988507025515,-0.265443462161546,15.072625921949138,6.2212926429060875,0.16736312727535463,0.0,-1.3221902880548688,-0.5196819413866217,4.060273453525849,-0.06690731192926469,0.1705350926435563,0.0,403.60420846060185,403.04411856140547,404.57486404622796,402.5349744409245
2.3400000000000016,-0.8282810994263329,-0.2980670270310466,15.321562176099864,6.218166432868475,0.17727890576418925,0.0,-1.4549132634166237,-0.5681049026599541,4.2366083073680505,-0.03241773271827691,0.1518156482006161,0.0,481.735283230155,480.3411622780505,478.6883836406845,481.3040725312696
2.4000000000000017,-0.9188589491080922,-0.3333344841314733,15.576101754529521,6.217033225424235,0.18612741424087353,0.0,-1.5651393599677685,-0.607590153409288,4.2477321843192435,-0.00038036645620026163,0.13696944006380668,0.0,431.2187175124554,429.98364206120806,429.9443895612869,432.6504179340955
2.4600000000000017,-1.0169584710239004,-0.37124477550596874,15.835206848197725,6.2174200145511485,0.19427021058002136,0.0,-1.705622611182628,-0.6560127241781221,4.388253303197013,0.01745108405818701,0.13307760358655724,0.0,473.58936509342567,473.3056696845891,470.8265052467798,472.20412321852467
2.520000000000002,-1.1228121431721794,-0.411763458656446,16.09839103743778,6.218481199951812,0.2028254007063799,0.0,-1.8235576646079035,-0.6945080806718276,4.384294998180865,0.01815296549456857,0.15686890466483397,0.0,427.3642723473505,429.40693650063,428.48671382129635,428.54632779620584
2.580000000000002,-1.2356869723609945,-0.4545054709960586,16.360274073887012,6.219866413635128,0.21232374186965508,0.0,-1.9397388067112427,-0.7301214427153411,4.344994362484849,0.03147482523465578,0.16103120626856776,0.0,417.13636080470343,417.52525522878625,416.3060000572322,417.47028124140195
2.640000000000002,-1.3564332824689087,-0.4995714526758226,16.62314899074052,6.2222224975825995,0.2222165595683938,0.0,-2.08602897874971,-0.7718335789436287,4.416841918405019,0.05150715145713977,0.17163224843144093,0.0,454.0394994355862,454.91447194757086,452.8692858306908,454.4786268585984
2.700000000000002,-1.4865838428927893,-0.5472000151645339,16.892139030760347,6.225636727261904,0.23250435220857746,0.0,-2.2532886285892952,-0.8153868969240551,4.548514500412408,0.06595401986495142,0.17112346407018625,0.0,473.9486041911219,473.9357046863581,473.561907244406,474.6739498793227
2.760000000000002,-1.6269264900701401,-0.5973460379900041,17.168671429755907,6.229933495487062,0.24304033622347987,0.0,-2.4257591440985715,-0.855668139463082,4.6682584885758,0.08103075904714094,0.1833039934180498,0.0,471.1607412793907,472.1292165728847,472.6227327572275,473.7870083493961
2.820000000000002,-1.777333512337138,-0.6497053703293815,17.450264106707802,6.234523324364298,0.2538531982544212,0.0,-2.5887731143767496,-0.8891709816030233,4.71747325031055,0.06539996975646407,0.17319343465466713,0.0,452.42598015612145,451.6418010624909,453.5114573832468,452.2584755880645
2.880000000000002,-1.9367797931103672,-0.7038147219719189,17.731107204138944,6.238803479696049,0.2638994295989452,0.0,-2.726964970812936,-0.9141669784203597,4.643860056231158,0.08113808216943992,0.15230967085032554,0.0,413.84498378611465,412.031163082131,412.0802609106583,413.4736308280137
2.940000000000002,-2.1053925216235188,-0.7594699131009667,18.010108340934252,6.243699240842158,0.27301162990390093,0.0,-2.8942527214228018,-0.9405630628937588,4.655659200680671,0.082495953694879,0.15097699426383157,0.0,442.2642309139854,442.1762923177368,441.97073337314373,442.08807790498895
3.000000000000002,-2.2844429536266175,-0.8166517353571099,18.290563129828417,6.2488332663759145,0.282239939915808,0.0,-3.0748901325589304,-0.9650185527376269,4.692157575137322,0.09109006103420274,0.15892793595822235,0.0,450.77423197657293,451.4382697754687,451.2214689757466,451.92070484567574
3.0600000000000023,-2.475475335380534,-0.8753129741275291,18.576425278882773,6.25443792422935,0.2914982340756991,0.0,-3.293669045661179,-0.9897289229608405,4.835303979706297,0.09768689868400872,0.1429430729899817,0.0,486.8340450394332,485.6564435464616,485.5847255535407,486.0859567220183
3.1200000000000023,-2.6794401151636484,-0.9352957618709751,18.869455648400134,6.260403165390258,0.30023825373327107,0.0,-3.5058862835341493,-1.0090845435535387,4.931312005448845,0.1026780431465903,0.15061784717972218,0.0,474.2686219144475,474.8761422253283,473.7751383805539,474.16661363533535
3.1800000000000024,-2.8955958548937217,-0.9962663302769178,19.165802958110557,6.26667910996775,0.3102104606143552,0.0,-3.700127185468568,-1.0227129475786518,4.946223228097037,0.10818531767932553,0.18657051504129737,0.0,449.08705681465796,452.0192293759593,450.8764188854124,451.3305690868293
3.2400000000000024,-3.123656382159928,-1.0579441610614013,19.463118794163684,6.272735292455698,0.3217531201899808,0.0,-3.9028528782204908,-1.0326493652265882,4.963466474668409,0.07968404275551277,0.20199317736925246,0.0,451.3547803164537,452.63310150512524,455.64275757418295,453.36624994692176
3.3000000000000025,-3.36451716284716,-1.1201268660437178,19.762593414432498,6.278048586179274,0.3348201112835758,0.0,-4.12690143108373,-1.039625228646939,5.017843247222007,0.10209937515764182,0.2383214124163648,0.0,465.5098651039692,468.38729512526123,466.3895111649855,468.1431920599867
3.3600000000000025,-3.618991061739629,-1.1826222150293837,20.064925670484087,0.0005112647696456918,0.349133328819879,0.0,-4.356740671147025,-1.0430057378807038,5.058657830985444,0.06919224308836738,0.2390131275099852,0.0,464.4845170187647,464.5928705073198,467.59995987986474,465.03551448405506
3.4200000000000026,-3.887483479156672,-1.2452234960133917,20.36942669739499,0.004416747485762151,0.36391273178224015,0.0,-4.594181707580328,-1.043343489958206,5.090084346414657,0.055281522932231646,0.25793411882942596,0.0,464.02800180127923,465.5685432126633,466.0635243076996,464.97765682723576
3.4800000000000026,-4.169868919994323,-1.3077851956703996,20.673995016594134,0.008335883933150434,0.3791903437202988,0.0,-4.819875132032498,-1.0417553983447576,5.061162970908787,0.08020812150911806,0.24703895183528995,0.0,448.8764260444584,448.055573539507,446.98257258246497,449.01278259841223
3.5400000000000027,-4.465668231096776,-1.3701937518822087,20.975702219501976,0.012857760768082649,0.39375350296826905,0.0,-5.041253899817029,-1.0381836488264977,4.99491041016989,0.06330233548343683,0.23228685843806246,0.0,438.2071743419938,437.0385561932722,438.7755794346649,437.3739476914241
3.6000000000000028,-4.774844072027681,-1.4323281333654496,21.272942917728543,0.016387855006009033,0.4078997771992974,0.0,-5.265708496209574,-1.0327024656028456,4.912332654060804,0.04793695235225926,0.24194906103496489,0.0,432.9600542533197,433.8292166097147,435.4924227732425,434.20741136542733
3.660000000000003,-5.098235078056625,-1.4940658357082282,21.56626779998148,0.01898347446336679,0.4222982652807765,0.0,-5.515090536341744,-1.0250217852428927,4.8640463113274155,0.03171804443796922,0.23571045903471483,0.0,448.1908138184589,447.7403593225633,448.620720296296,447.30252375151707
3.720000000000003,-5.436087511591275,-1.5553389025184736,21.85487339049191,0.020540453805449665,0.43680910580682486,0.0,-5.747760259254034,-1.0173031322169863,4.75534616629724,0.010751325767738842,0.2519115507098164,0.0,429.00666440804616,430.44065826414817,429.95067332357604,428.1702982684968
3.780000000000003,-5.791021755806539,-1.6160054664073245,22.14294523337548,0.021385622681146188,0.45192821483937706,0.0,-6.084391251321442,-1.0048852897180025,4.84472668665159,0.02003710783301735,0.2521316315294888,0.0,497.4930738384211,497.56547296692185,497.60920233469585,498.2885037557528
3.840000000000003,-6.165363960811312,-1.6759613471695398,22.433879470809018,0.022298264972726578,0.46759498318340764,0.0,-6.394714259183518,-0.9935873245922168,4.851187781246381,0.0031942151906615215,0.2747706097506168,0.0,474.92385947410844,476.72043521179256,477.135470102321,475.84744817299224
3.900000000000003,-6.558110486099558,-1.7352531412672616,22.723970194813596,0.022221583482192386,0.4838788836673471,0.0,-6.697911226657351,-0.9828344489043075,4.816717053041632,-0.012197409758740538,0.2636383011204838,0.0,468.6104235625549,467.8142246249316,466.09343300187555,464.8886788089991
3.960000000000003,-6.968112254724247,-1.7939581510272604,23.009461135583205,0.020917192728936662,0.49945432928968003,0.0,-6.969890832093753,-0.9740776766963336,4.698413132917055,-0.05934004345781722,0.24995583397941773,0.0,443.07145920863195,442.0127304405072,442.74030508103306,438.8429038656035
4.020000000000002,-7.3934507451512,-1.8522113336026282,23.285426533121477,0.017683363214686665,0.51439812037232,0.0,-7.209174423053636,-0.9678931053637534,4.4997369243008345,-0.044781501901707654,0.24721937694821713,0.0,415.0408484690227,414.8675451145939,413.6946563810865,414.97279087256373
4.080000000000001,-7.834663553407664,-1.9100911182513145,23.55159655764113,0.014669913185068495,0.5298263998064305,0.0,-7.498920808462392,-0.9616393299787412,4.371227838413915,-0.0642696716117158,0.27187388165782633,0.0,441.6577911894308,443.75292434187503,444.1765281579492,442.57321491316077
4.14,-8.296113928444303,-1.96757983482542,23.814257924358007,0.010488941950574926,0.5462117848962729,0.0,-7.883545740069507,-0.9550313167594342,4.381437644659872,-0.08362394505565579,0.275411679524331,0.0,494.9591749735519,495.2865024172235,495.2865949034092,493.8574205334092
4.199999999999998,-8.777512209213606,-2.024805843339694,24.07161121964166,0.005664955683002404,0.5624564102696725,0.0,-8.164113011830862,-0.9527967753269567,4.195735734577941,-0.0746293749038912,0.25925849763476594,0.0,432.26318981654964,430.9754727065618,431.03017806456273,431.7844558936585
4.259999999999997,-9.2776695916105,-2.0819412974862948,24.320269194811846,0.0007015680345032749,0.5783451318553468,0.0,-8.508617185474737,-0.952050207374254,4.090806591662281,-0.10839851614427007,0.27406885186470775,0.0,463.1420091904889,464.3728509850551,467.2387437722385,464.5919545858711
4.319999999999996,-9.797295356240994,-2.1391069255837656,24.56012686453941,6.277196520212451,0.5948996614716107,0.0,-8.813197936933602,-0.9538500259900695,3.902879839832076,-0.11857811137227793,0.2793481740444145,0.0,438.6798880568736,439.1961658772088,439.8235412328576,438.968090949935
4.379999999999995,-10.336469205532335,-2.196469931304882,24.789971768663328,6.270108648290501,0.6118814041244844,0.0,-9.160066212646106,-0.9586894419619123,3.7564786629166114,-0.11725285687234319,0.289513248910988,0.0,459.3251012497509,460.208846454871,458.41173468333346,458.50500486256504
4.439999999999993,-10.896273159218175,-2.254202888633789,25.010107693155742,6.262890822566106,0.6292517453168038,0.0,-9.500877738337245,-0.9661381490134234,3.5792984403120713,-0.1272043271931583,0.2894905946565955,0.0,452.40104700794274,452.482706437149,454.05037830353666,453.2382173826712
4.499999999999992,-11.477402649558282,-2.3124836351031455,25.220161921147046,6.256137977680904,0.6465363222067335,0.0,-9.870772707254249,-0.9769452727760765,3.4200532934398638,-0.09300282212140157,0.2850938117414537,0.0,465.8119059190915,465.5479150191181,463.6809978407727,466.34966752547825
4.559999999999991,-12.078638313899598,-2.37139971395003,25.417241935795673,6.250651088065251,0.6639272674633272,0.0,-10.171356160652216,-0.9871377805504563,3.147710712642766,-0.08850927777546704,0.2979589781404949,0.0,426.0845039318245,427.2721651627496,427.08956563456366,427.46540723129283
4.6199999999999894,-12.696692590231333,-2.430908497803748,25.59587140123766,6.24570577218881,0.6818710169591817,0.0,-10.431562188409425,-0.9966381649963948,2.8054753294682424,-0.07241328179875497,0.3011776430729808,0.0,401.50600315179776,401.8994764008501,400.3772747004356,401.83323685870374
4.679999999999988,-13.333689005250921,-2.491159834673187,25.757528410499454,6.2409901567593735,0.69971935908712,0.0,-10.802255931108052,-1.011888109562673,2.5805833861431164,-0.09531578114076325,0.2888078012921784,0.0,454.6553865063159,453.7506729593293,456.59210628237616,454.7555623986579
4.739999999999987,-13.991329308875324,-2.5522718406937925,25.903159591193994,6.235795173212775,0.7166976589678384,0.0,-11.11991180096455,-1.0253272527970183,2.2719411840817645,-0.07320274657104464,0.2675777318129314,0.0,428.6111454387186,426.886290029379,424.9869553702633,426.87211223712745
4.799999999999986,-14.667451799340675,-2.6141746192194786,26.02905096409301,6.231605298124407,0.7328406309545361,0.0,-11.418441002469363,-1.0381811518175996,1.9228531122195882,-0.06382454244461967,0.27183549754763825,0.0,414.2418777587423,414.6950256014867,413.7803844290874,414.6013997094341
4.859999999999984,-15.361309741369087,-2.676841703803464,26.13326584027994,6.227906321285278,0.7487993695969966,0.0,-11.711125372790843,-1.0507682786294736,1.5494030559260417,-0.057622246187343844,0.25050764218898547,0.0,408.77810733505515,406.9499680814718,408.22786251762,408.77808331414735
4.919999999999983,-16.07370167413722,-2.7403181623472994,26.21558186614058,6.224679566257677,0.7635147307159915,0.0,-12.036101434462296,-1.0651331221978066,1.1925718860532883,-0.04703085369374055,0.23189036303662705,0.0,422.4619835493695,420.91631641168846,419.8349265069209,420.75116204613903
4.979999999999982,-16.809374951469483,-2.804879767148953,26.2798525692113,6.221684400921031,0.7769735462319112,0.0,-12.486452569824566,-1.0868917477250437,0.9465999280827114,-0.05643066962835186,0.2015034604500208,0.0,475.7912171979161,473.5036346544039,476.3378917524748,475.6168385372974
5.0399999999999805,-17.570640484558105,-2.8706508006740648,26.327259742197928,6.218615268270176,0.7890000644578903,0.0,-12.889505390528818,-1.1054577264294307,0.6310313901409502,-0.042269835152339355,0.19823358282034245,0.0,454.62200656549965,454.39819386955446,454.03907622791365,455.17257177813997
